  350.000000  -0.041499
  351.000000   0.020750
  352.000000   0.083000
  353.000000   0.084257
  354.000000   0.084200
  355.000000   0.083693
  356.000000   0.083600
  357.000000   0.086821
  358.000000   0.087800
  359.000000   0.087829
  360.000000   0.088200
  361.000000   0.088721
  362.000000   0.088800
  363.000000   0.089279
  364.000000   0.091000
  365.000000   0.093114
  366.000000   0.094200
  367.000000   0.094836
  368.000000   0.095600
  369.000000   0.095229
  370.000000   0.095200
  371.000000   0.095571
  372.000000   0.096400
  373.000000   0.094114
  374.000000   0.094400
  375.000000   0.095011
  376.000000   0.093700
  377.000000   0.093918
  378.000000   0.093800
  379.000000   0.094032
  380.000000   0.095300
  381.000000   0.096782
  382.000000   0.096800
  383.000000   0.096718
  384.000000   0.097900
  385.000000   0.099618
  386.000000   0.100000
  387.000000   0.100357
  388.000000   0.102000
  389.000000   0.104295
  390.000000   0.104250
  391.000000   0.104430
  392.000000   0.107400
  393.000000   0.109041
  394.000000   0.109350
  395.000000   0.109634
  396.000000   0.111200
  397.000000   0.112379
  398.000000   0.112200
  399.000000   0.112221
  400.000000   0.114000
  401.000000   0.114902
  402.000000   0.115250
  403.000000   0.115673
  404.000000   0.116800
  405.000000   0.119457
  406.000000   0.119200
  407.000000   0.118893
  408.000000   0.121400
  409.000000   0.123479
  410.000000   0.123600
  411.000000   0.123896
  412.000000   0.126500
  413.000000   0.128041
  414.000000   0.127650
  415.000000   0.127159
  416.000000   0.128400
  417.000000   0.128341
  418.000000   0.128750
  419.000000   0.128909
  420.000000   0.128100
  421.000000   0.128091
  422.000000   0.127850
  423.000000   0.127634
  424.000000   0.127700
  425.000000   0.127864
  426.000000   0.128300
  427.000000   0.128761
  428.000000   0.129000
  429.000000   0.129959
  430.000000   0.129850
  431.000000   0.129366
  432.000000   0.129200
  433.000000   0.127566
  434.000000   0.127450
  435.000000   0.127809
  436.000000   0.127600
  437.000000   0.124854
  438.000000   0.124700
  439.000000   0.124646
  440.000000   0.122200
  441.000000   0.119384
  442.000000   0.119350
  443.000000   0.119241
  444.000000   0.116200
  445.000000   0.111823
  446.000000   0.111650
  447.000000   0.111452
  448.000000   0.107000
  449.000000   0.103071
  450.000000   0.103000
  451.000000   0.103054
  452.000000   0.099500
  453.000000   0.097123
  454.000000   0.096950
  455.000000   0.096952
  456.000000   0.095100
  457.000000   0.094136
  458.000000   0.094100
  459.000000   0.094114
  460.000000   0.093300
  461.000000   0.092343
  462.000000   0.092500
  463.000000   0.092657
  464.000000   0.091700
  465.000000   0.090666
  466.000000   0.090750
  467.000000   0.090634
  468.000000   0.089000
  469.000000   0.088259
  470.000000   0.088250
  471.000000   0.088166
  472.000000   0.087200
  473.000000   0.085200
  474.000000   0.085200
  475.000000   0.085300
  476.000000   0.083600
  477.000000   0.081970
  478.000000   0.081950
  479.000000   0.081880
  480.000000   0.080100
  481.000000   0.078536
  482.000000   0.078300
  483.000000   0.078214
  484.000000   0.077100
  485.000000   0.075614
  486.000000   0.075500
  487.000000   0.075511
  488.000000   0.074400
  489.000000   0.073577
  490.000000   0.073350
  491.000000   0.072923
  492.000000   0.071500
  493.000000   0.070534
  494.000000   0.070450
  495.000000   0.070191
  496.000000   0.068700
  497.000000   0.067298
  498.000000   0.067450
  499.000000   0.067352
  500.000000   0.065200
  501.000000   0.063127
  502.000000   0.063150
  503.000000   0.063173
  504.000000   0.061100
  505.000000   0.059555
  506.000000   0.059850
  507.000000   0.060020
  508.000000   0.058100
  509.000000   0.057062
  510.000000   0.057050
  511.000000   0.057088
  512.000000   0.056200
  513.000000   0.054350
  514.000000   0.054400
  515.000000   0.054450
  516.000000   0.052600
  517.000000   0.050975
  518.000000   0.051100
  519.000000   0.051225
  520.000000   0.049600
  521.000000   0.048859
  522.000000   0.048850
  523.000000   0.048666
  524.000000   0.047400
  525.000000   0.046146
  526.000000   0.046300
  527.000000   0.046504
  528.000000   0.045400
  529.000000   0.044661
  530.000000   0.044700
  531.000000   0.044664
  532.000000   0.043700
  533.000000   0.043855
  534.000000   0.044050
  535.000000   0.044245
  536.000000   0.044400
  537.000000   0.043584
  538.000000   0.043550
  539.000000   0.043466
  540.000000   0.042500
  541.000000   0.042137
  542.000000   0.042350
  543.000000   0.042288
  544.000000   0.041100
  545.000000   0.039912
  546.000000   0.039850
  547.000000   0.039838
  548.000000   0.038800
  549.000000   0.037616
  550.000000   0.037650
  551.000000   0.037709
  552.000000   0.036600
  553.000000   0.036161
  554.000000   0.036300
  555.000000   0.036339
  556.000000   0.035600
  557.000000   0.035234
  558.000000   0.035350
  559.000000   0.035241
  560.000000   0.034200
  561.000000   0.033089
  562.000000   0.033100
  563.000000   0.033161
  564.000000   0.032200
  565.000000   0.031834
  566.000000   0.031950
  567.000000   0.032016
  568.000000   0.031500
  569.000000   0.031059
  570.000000   0.031150
  571.000000   0.031241
  572.000000   0.030800
  573.000000   0.030286
  574.000000   0.030400
  575.000000   0.030514
  576.000000   0.030000
  577.000000   0.029257
  578.000000   0.029200
  579.000000   0.029468
  580.000000   0.029700
  581.000000   0.029548
  582.000000   0.029450
  583.000000   0.029402
  584.000000   0.029400
  585.000000   0.029091
  586.000000   0.028750
  587.000000   0.028509
  588.000000   0.028500
  589.000000   0.028198
  590.000000   0.028050
  591.000000   0.028027
  592.000000   0.028100
  593.000000   0.027941
  594.000000   0.027650
  595.000000   0.027534
  596.000000   0.027900
  597.000000   0.028052
  598.000000   0.028150
  599.000000   0.028173
  600.000000   0.028100
  601.000000   0.028314
  602.000000   0.028100
  603.000000   0.028011
  604.000000   0.028600
  605.000000   0.028602
  606.000000   0.028650
  607.000000   0.028573
  608.000000   0.028200
  609.000000   0.028571
  610.000000   0.028600
  611.000000   0.028579
  612.000000   0.028800
  613.000000   0.029468
  614.000000   0.029500
  615.000000   0.029507
  616.000000   0.030100
  617.000000   0.030252
  618.000000   0.030350
  619.000000   0.030348
  620.000000   0.030200
  621.000000   0.030057
  622.000000   0.030200
  623.000000   0.030268
  624.000000   0.029900
  625.000000   0.030271
  626.000000   0.030300
  627.000000   0.030229
  628.000000   0.030300
  629.000000   0.030598
  630.000000   0.030650
  631.000000   0.030627
  632.000000   0.030700
  633.000000   0.030918
  634.000000   0.030800
  635.000000   0.030757
  636.000000   0.031200
  637.000000   0.031268
  638.000000   0.031100
  639.000000   0.031007
  640.000000   0.031300
  641.000000   0.031514
  642.000000   0.031300
  643.000000   0.031286
  644.000000   0.032100
  645.000000   0.032757
  646.000000   0.032500
  647.000000   0.032268
  648.000000   0.033000
  649.000000   0.034036
  650.000000   0.034000
  651.000000   0.033764
  652.000000   0.034200
  653.000000   0.035011
  654.000000   0.034900
  655.000000   0.035039
  656.000000   0.036600
  657.000000   0.038671
  658.000000   0.038600
  659.000000   0.038704
  660.000000   0.041300
  661.000000   0.044563
  662.000000   0.044650
  663.000000   0.044687
  664.000000   0.047800
  665.000000   0.050688
  666.000000   0.050650
  667.000000   0.050612
  668.000000   0.053500
  669.000000   0.055650
  670.000000   0.055700
  671.000000   0.055575
  672.000000   0.057200
  673.000000   0.058243
  674.000000   0.058400
  675.000000   0.058232
  676.000000   0.058300
  677.000000   0.057193
  678.000000   0.057300
  679.000000   0.057032
  680.000000   0.054800
  681.000000   0.051693
  682.000000   0.051800
  683.000000   0.051682
  684.000000   0.047900
  685.000000   0.043455
  686.000000   0.043450
  687.000000   0.043470
  688.000000   0.039100
  689.000000   0.035545
  690.000000   0.035550
  691.000000   0.035480
  692.000000   0.031700
  693.000000   0.028884
  694.000000   0.028850
  695.000000   0.029016
  696.000000   0.026800
  697.000000   0.024948
  698.000000   0.024950
  699.000000   0.024927
  700.000000   0.023000
  701.000000   0.021743
  702.000000   0.021800
  703.000000   0.021832
  704.000000   0.020500
  705.000000   0.019016
  706.000000   0.018950
  707.000000   0.018859
  708.000000   0.017300
  709.000000   0.016189
  710.000000   0.016200
  711.000000   0.016161
  712.000000   0.014900
  713.000000   0.013643
  714.000000   0.013700
  715.000000   0.013607
  716.000000   0.011900
  717.000000   0.011382
  718.000000   0.011400
  719.000000   0.011268
  720.000000   0.010300
  721.000000   0.009930
  722.000000   0.009950
  723.000000   0.009970
  724.000000   0.009600
  725.000000   0.009386
  726.000000   0.009600
  727.000000   0.009639
  728.000000   0.008900
  729.000000   0.008389
  730.000000   0.008600
  731.000000   0.008611
  732.000000   0.007500
  733.000000   0.006541
  734.000000   0.006650
  735.000000   0.006834
  736.000000   0.006100
  737.000000   0.005432
  738.000000   0.005400
  739.000000   0.005418
  740.000000   0.004900
  741.000000   0.004382
  742.000000   0.004400
  743.000000   0.004568
  744.000000   0.004500
  745.000000   0.003095
  746.000000   0.003150
  747.000000   0.003205
  748.000000   0.001800
  749.000000   0.002168
  750.000000   0.002100
  751.000000   0.001957
  752.000000   0.002100
  753.000000   0.001216
  754.000000   0.001350
  755.000000   0.001684
  756.000000   0.001400
  757.000000   0.001484
  758.000000   0.001750
  759.000000   0.001716
  760.000000   0.000900
  761.000000   0.000748
  762.000000   0.000650
  763.000000   0.000677
  764.000000   0.000900
  765.000000  -0.000728
  766.000000  -0.000700
  767.000000  -0.000371
  768.000000  -0.001100
  769.000000  -0.001321
  770.000000  -0.001300
  771.000000  -0.001279
  772.000000  -0.001500
  773.000000  -0.000545
  774.000000  -0.000750
  775.000000  -0.000855
  776.000000   0.000400
  777.000000   0.000095
  778.000000  -0.000150
  779.000000  -0.000270
  780.000000  -0.000200
  781.000000  -0.001471
  782.000000  -0.001800
  783.000000  -0.001829
  784.000000  -0.002200
  785.000000  -0.001757
  786.000000  -0.001800
  787.000000  -0.002068
  788.000000  -0.002300
  789.000000  -0.000757
  790.000000  -0.001100
  791.000000  -0.001568
  792.000000  -0.000400
  793.000000  -0.000916
  794.000000  -0.000850
  795.000000  -0.000784
  796.000000  -0.001300
  797.000000  -0.000859
  798.000000  -0.000950
  799.000000  -0.001241
  800.000000  -0.001400
  801.000000  -0.001559
  802.000000  -0.001718
  803.000000  -0.001877
  804.000000  -0.002036
  805.000000  -0.002195
  806.000000  -0.002354
  807.000000  -0.002513
  808.000000  -0.002671
  809.000000  -0.002830
  810.000000  -0.002989
  811.000000  -0.003148
  812.000000  -0.003307
  813.000000  -0.003466
  814.000000  -0.003625
  815.000000  -0.003784
  816.000000  -0.003943
  817.000000  -0.004102
  818.000000  -0.004261
  819.000000  -0.004420
  820.000000  -0.004579
  821.000000  -0.004738
  822.000000  -0.004896
  823.000000  -0.005055
  824.000000  -0.005214
  825.000000  -0.005373
  826.000000  -0.005532
  827.000000  -0.005691
  828.000000  -0.005850
  829.000000  -0.006009
  830.000000  -0.006168
  831.000000  -0.006327
  832.000000  -0.006486
  833.000000  -0.006645
  834.000000  -0.006804
  835.000000  -0.006963
  836.000000  -0.007121
  837.000000  -0.007280
  838.000000  -0.007439
  839.000000  -0.007598
  840.000000  -0.007757
  841.000000  -0.007916
  842.000000  -0.008075
  843.000000  -0.008234
  844.000000  -0.008393
  845.000000  -0.008552
  846.000000  -0.008711
  847.000000  -0.008870
  848.000000  -0.009029
  849.000000  -0.009188
  850.000000  -0.009346
  851.000000  -0.009505
  852.000000  -0.009664
  853.000000  -0.009823
  854.000000  -0.009982
  855.000000  -0.010141
  856.000000  -0.010300
  857.000000  -0.010459
  858.000000  -0.010618
  859.000000  -0.010777
  860.000000  -0.010936
  861.000000  -0.011095
  862.000000  -0.011254
  863.000000  -0.011413
  864.000000  -0.011571
  865.000000  -0.011730
  866.000000  -0.011889
  867.000000  -0.012048
  868.000000  -0.012207
  869.000000  -0.012366
  870.000000  -0.012525
  871.000000  -0.012684
  872.000000  -0.012843
  873.000000  -0.013002
  874.000000  -0.013161
  875.000000  -0.013320
  876.000000  -0.013479
  877.000000  -0.013638
  878.000000  -0.013796
  879.000000  -0.013955
  880.000000  -0.014114
  881.000000  -0.014273
  882.000000  -0.014432
  883.000000  -0.014591
  884.000000  -0.014750
  885.000000  -0.014909
  886.000000  -0.015068
  887.000000  -0.015227
  888.000000  -0.015386
  889.000000  -0.015545
  890.000000  -0.015704
  891.000000  -0.015863
  892.000000  -0.016021
  893.000000  -0.016180
  894.000000  -0.016339
  895.000000  -0.016498
  896.000000  -0.016657
  897.000000  -0.016816
  898.000000  -0.016975
  899.000000  -0.017134
  900.000000  -0.017293
